{
  "001_F.jpg": {
    "C2W": [
      0.9862200547765141,
      0.056414593002849865,
      -0.15552297982270252,
      0.0008908658959146628,
      -0.050436698249506265,
      0.997838592749014,
      0.042122230358276905,
      0.0006957346403851604,
      0.1575631398084533,
      -0.03369772272706709,
      0.9869337974032055,
      0.0019980755186213423,
      0.0,
      0.0,
      0.0,
      1.0
    ],
    "K": [
      103.91719737557644,
      0.0,
      199.0,
      0.0,
      0.0,
      103.91719737557644,
      199.0,
      0.0,
      0.0,
      0.0,
      1.0,
      0.0,
      0.0,
      0.0,
      0.0,
      1.0
    ],
    "W2C": [
      0.9862200547765138,
      -0.05043669824950624,
      0.15756313980845324,
      -0.001158322306837034,
      0.05641459300284987,
      0.9978385927490138,
      -0.033697722727067086,
      -0.0006771581166125718,
      -0.15552297982270252,
      0.042122230358276905,
      0.9869337974032055,
      -0.0018627240351268076,
      0.0,
      0.0,
      0.0,
      1.0
    ],
    "img_size": [
      398,
      398
    ]
  },
  "002_F.jpg": {
    "C2W": [
      0.9861851298958,
      0.05638233558903363,
      -0.15575596876502076,
      0.000883503827974762,
      -0.0507570374304827,
      0.9979151458535441,
      0.03986332684787486,
      0.0006964054515657159,
      0.157678827759738,
      -0.03140690862892295,
      0.9869908780564739,
      0.002021664329093181,
      0.0,
      0.0,
      0.0,
      1.0
    ],
    "K": [
      103.91719737557644,
      0.0,
      199.0,
      0.0,
      0.0,
      103.91719737557644,
      199.0,
      0.0,
      0.0,
      0.0,
      1.0,
      0.0,
      0.0,
      0.0,
      0.0,
      1.0
    ],
    "W2C": [
      0.9861851298957997,
      -0.05075703743048269,
      0.15767882775973796,
      -0.0011547245213179035,
      0.056382335589033626,
      0.9979151458535439,
      -0.03140690862892294,
      -0.0006812733302332912,
      -0.15575596876502076,
      0.03986332684787487,
      0.9869908780564739,
      -0.0018855142948077238,
      0.0,
      0.0,
      0.0,
      1.0
    ],
    "img_size": [
      398,
      398
    ]
  },
  "003_F.jpg": {
    "C2W": [
      0.9862363243111721,
      0.055158758944671045,
      -0.15586989420947323,
      0.0008775247989012195,
      -0.04953597275914183,
      0.9979816816729109,
      0.03973349277517327,
      0.0006958621719492193,
      0.15774694929536442,
      -0.03146544703310062,
      0.986978128243485,
      0.0020449157653281195,
      0.0,
      0.0,
      0.0,
      1.0
    ],
    "K": [
      103.91719737557644,
      0.0,
      199.0,
      0.0,
      0.0,
      103.91719737557644,
      199.0,
      0.0,
      0.0,
      0.0,
      1.0,
      0.0,
      0.0,
      0.0,
      0.0,
      1.0
    ],
    "W2C": [
      0.9862363243111719,
      -0.04953597275914181,
      0.15774694929536437,
      -0.0011535558461129513,
      0.055158758944671024,
      0.9979816816729105,
      -0.031465447033100606,
      -0.0006785166907239249,
      -0.15586989420947323,
      0.03973349277517327,
      0.9869781282434847,
      -0.0019091564714898788,
      0.0,
      0.0,
      0.0,
      1.0
    ],
    "img_size": [
      398,
      398
    ]
  },
  "004_F.jpg": {
    "C2W": [
      0.9863435130526501,
      0.056025930174301034,
      -0.15487920908585667,
      0.0008692518695055902,
      -0.05049469653129617,
      0.9979459642551486,
      0.039422557617101686,
      0.0006944359113448778,
      0.1567697671146081,
      -0.031063605311775093,
      0.9871465405621729,
      0.002069030029268765,
      0.0,
      0.0,
      0.0,
      1.0
    ],
    "K": [
      103.91719737557644,
      0.0,
      199.0,
      0.0,
      0.0,
      103.91719737557644,
      199.0,
      0.0,
      0.0,
      0.0,
      1.0,
      0.0,
      0.0,
      0.0,
      0.0,
      1.0
    ],
    "W2C": [
      0.9863435130526506,
      -0.0504946965312962,
      0.1567697671146082,
      -0.0011466769679335295,
      0.056025930174301034,
      0.9979459642551488,
      -0.0310636053117751,
      -0.0006774386274978525,
      -0.1548792090858567,
      0.03942255761710169,
      0.9871465405621731,
      -0.0019351832333928628,
      0.0,
      0.0,
      0.0,
      1.0
    ],
    "img_size": [
      398,
      398
    ]
  },
  "005_F.jpg": {
    "C2W": [
      0.9863469231906872,
      0.05798557410057968,
      -0.15413442285385417,
      0.0008621921291138313,
      -0.05224074654204928,
      0.9977897408841416,
      0.04106747359026085,
      0.0006930082905374328,
      0.15617506687366559,
      -0.032454678901255356,
      0.9871960505919898,
      0.002092029567650015,
      0.0,
      0.0,
      0.0,
      1.0
    ],
    "K": [
      103.91719737557644,
      0.0,
      199.0,
      0.0,
      0.0,
      103.91719737557644,
      199.0,
      0.0,
      0.0,
      0.0,
      1.0,
      0.0,
      0.0,
      0.0,
      0.0,
      1.0
    ],
    "W2C": [
      0.9863469231906873,
      -0.052240746542049285,
      0.15617506687366559,
      -0.0011409401409225772,
      0.05798557410057969,
      0.9977897408841416,
      -0.03245467890125535,
      -0.0006735751203675605,
      -0.15413442285385423,
      0.041067473590260854,
      0.9871960505919898,
      -0.0019608099403651447,
      0.0,
      0.0,
      0.0,
      1.0
    ],
    "img_size": [
      398,
      398
    ]
  },
  "006_F.jpg": {
    "C2W": [
      0.9860300193210659,
      0.05833551128182525,
      -0.15601848967730256,
      0.0008560842131703717,
      -0.05297771449874889,
      0.9978615291979608,
      0.038284857492173974,
      0.0006937526031878043,
      0.15791821542870718,
      -0.029484515770062416,
      0.9870119049766409,
      0.0021153902767934918,
      0.0,
      0.0,
      0.0,
      1.0
    ],
    "K": [
      103.91719737557644,
      0.0,
      199.0,
      0.0,
      0.0,
      103.91719737557644,
      199.0,
      0.0,
      0.0,
      0.0,
      1.0,
      0.0,
      0.0,
      0.0,
      0.0,
      1.0
    ],
    "W2C": [
      0.9860300193210658,
      -0.05297771449874891,
      0.15791821542870718,
      -0.0011414299633548607,
      0.058335511281825236,
      0.997861529197961,
      -0.029484515770062412,
      -0.000679837885801687,
      -0.15601848967730253,
      0.038284857492173974,
      0.9870119049766407,
      -0.0019809106404394543,
      0.0,
      0.0,
      0.0,
      1.0
    ],
    "img_size": [
      398,
      398
    ]
  },
  "007_F.jpg": {
    "C2W": [
      0.986120058510321,
      0.056589439045369144,
      -0.1560924905052493,
      0.0008501896860590216,
      -0.05125988815457852,
      0.9979635306902166,
      0.03796334124780085,
      0.0006931753478433932,
      0.15792293712434868,
      -0.029435128687459972,
      0.9870126235915989,
      0.00213976875679771,
      0.0,
      0.0,
      0.0,
      1.0
    ],
    "K": [
      103.91719737557644,
      0.0,
      199.0,
      0.0,
      0.0,
      103.91719737557644,
      199.0,
      0.0,
      0.0,
      0.0,
      1.0,
      0.0,
      0.0,
      0.0,
      0.0,
      1.0
    ],
    "W2C": [
      0.9861200585103213,
      -0.05125988815457855,
      0.15792293712434874,
      -0.0011407755789998412,
      0.056589439045369144,
      0.9979635306902168,
      -0.02943512868745998,
      -0.0006768911062197036,
      -0.15609249050524934,
      0.03796334124780086,
      0.9870126235915994,
      -0.0020055858013021555,
      0.0,
      0.0,
      0.0,
      1.0
    ],
    "img_size": [
      398,
      398
    ]
  },
  "008_F.jpg": {
    "C2W": [
      0.9860458023542208,
      0.05779384258508341,
      -0.15612029790796303,
      0.0008422503469889168,
      -0.0514877665332769,
      0.9976975908767048,
      0.0441421233770389,
      0.0006898763237239552,
      0.15831198803955204,
      -0.03548787001314049,
      0.9867511973769754,
      0.002163214251358262,
      0.0,
      0.0,
      0.0,
      1.0
    ],
    "K": [
      103.91719737557644,
      0.0,
      199.0,
      0.0,
      0.0,
      103.91719737557644,
      199.0,
      0.0,
      0.0,
      0.0,
      1.0,
      0.0,
      0.0,
      0.0,
      0.0,
      1.0
    ],
    "W2C": [
      0.9860458023542212,
      -0.051487766533276955,
      0.1583119880395522,
      -0.0011374399767750912,
      0.0577938425850834,
      0.9976975908767053,
      -0.03548787001314051,
      -0.0006601969639906022,
      -0.15612029790796306,
      0.04414212337703892,
      0.9867511973769758,
      -0.00203351448342243,
      0.0,
      0.0,
      0.0,
      1.0
    ],
    "img_size": [
      398,
      398
    ]
  },
  "009_F.jpg": {
    "C2W": [
      0.9859100619458427,
      0.05741339631637083,
      -0.15711477230790136,
      0.0008364656082735964,
      -0.05177625206137729,
      0.99786757655121,
      0.03974316784419306,
      0.0006905413752952911,
      0.1590615273295874,
      -0.031048375017612602,
      0.9867803346907276,
      0.002187510817934787,
      0.0,
      0.0,
      0.0,
      1.0
    ],
    "K": [
      103.91719737557644,
      0.0,
      199.0,
      0.0,
      0.0,
      103.91719737557644,
      199.0,
      0.0,
      0.0,
      0.0,
      1.0,
      0.0,
      0.0,
      0.0,
      0.0,
      1.0
    ],
    "W2C": [
      0.9859100619458429,
      -0.05177625206137727,
      0.15906152732958742,
      -0.0011368750271131915,
      0.05741339631637086,
      0.9978675765512102,
      -0.031048375017612612,
      -0.0006691745239167542,
      -0.15711477230790138,
      0.039743167844193066,
      0.9867803346907278,
      -0.0020546158552557014,
      0.0,
      0.0,
      0.0,
      1.0
    ],
    "img_size": [
      398,
      398
    ]
  },
  "010_F.jpg": {
    "C2W": [
      0.9863815426679953,
      0.05742160887177755,
      -0.1541240121411415,
      0.0008282121175678071,
      -0.051471341697751895,
      0.9977770984782861,
      0.04232685596740842,
      0.0006887177197659101,
      0.15621188580815287,
      -0.03381745979267321,
      0.987144480886882,
      0.00221108416029907,
      0.0,
      0.0,
      0.0,
      1.0
    ],
    "K": [
      103.91719737557644,
      0.0,
      199.0,
      0.0,
      0.0,
      103.91719737557644,
      199.0,
      0.0,
      0.0,
      0.0,
      1.0,
      0.0,
      0.0,
      0.0,
      0.0,
      1.0
    ],
    "W2C": [
      0.9863815426679949,
      -0.05147134169775188,
      0.15621188580815284,
      -0.0011268815474563465,
      0.057421608871777545,
      0.9977770984782861,
      -0.0338174597926732,
      -0.000659970790687326,
      -0.15412401214114144,
      0.04232685596740843,
      0.987144480886882,
      -0.002084163406878905,
      0.0,
      0.0,
      0.0,
      1.0
    ],
    "img_size": [
      398,
      398
    ]
  },
  "011_F.jpg": {
    "C2W": [
      0.9861379403801103,
      0.05665176525608792,
      -0.15595685312368668,
      0.0008978655110935666,
      -0.05085157405839,
      0.9978669042022559,
      0.040936034414562006,
      0.0006967658232200815,
      0.15794328082782805,
      -0.03243792519837287,
      0.986915245119948,
      0.0019743208945968613,
      0.0,
      0.0,
      0.0,
      1.0
    ],
    "K": [
      103.91719737557644,
      0.0,
      199.0,
      0.0,
      0.0,
      103.91719737557644,
      199.0,
      0.0,
      0.0,
      0.0,
      1.0,
      0.0,
      0.0,
      0.0,
      0.0,
      1.0
    ],
    "W2C": [
      0.9861379403801103,
      -0.05085157405838997,
      0.157943280827828,
      -0.0011618183264868744,
      0.05665176525608792,
      0.9978669042022557,
      -0.03243792519837287,
      -0.0006821023476400515,
      -0.15595685312368668,
      0.040936034414561985,
      0.9869152451199478,
      -0.00183698193971628,
      0.0,
      0.0,
      0.0,
      1.0
    ],
    "img_size": [
      398,
      398
    ]
  },
  "012_F.jpg": {
    "C2W": [
      0.9862225944660544,
      0.05571765570174501,
      -0.15575794364251894,
      0.0009046569939128471,
      -0.05009232362068829,
      0.9979507162084613,
      0.03981365511101697,
      0.0006982455377950671,
      0.1576570749409126,
      -0.031462848919329864,
      0.9869925713291638,
      0.0019509742172335676,
      0.0,
      0.0,
      0.0,
      1.0
    ],
    "K": [
      103.91719737557644,
      0.0,
      199.0,
      0.0,
      0.0,
      103.91719737557644,
      199.0,
      0.0,
      0.0,
      0.0,
      1.0,
      0.0,
      0.0,
      0.0,
      0.0,
      1.0
    ],
    "W2C": [
      0.9862225944660544,
      -0.050092323620688294,
      0.15765707494091263,
      -0.0011648013145668385,
      0.05571765570174501,
      0.9979507162084615,
      -0.031462848919329864,
      -0.0006858367944046337,
      -0.15575794364251894,
      0.03981365511101698,
      0.9869925713291641,
      -0.0018124892532151537,
      0.0,
      0.0,
      0.0,
      1.0
    ],
    "img_size": [
      398,
      398
    ]
  },
  "013_F.jpg": {
    "C2W": [
      0.9859555412947013,
      0.05656317169446832,
      -0.15713776821036587,
      0.0009111607852850701,
      -0.05112284034923454,
      0.9979518005345122,
      0.03845333541517537,
      0.0006995113841175538,
      0.15899096133082308,
      -0.02987995009680239,
      0.9868277776782093,
      0.001927706832621841,
      0.0,
      0.0,
      0.0,
      1.0
    ],
    "K": [
      103.91719737557644,
      0.0,
      199.0,
      0.0,
      0.0,
      103.91719737557644,
      199.0,
      0.0,
      0.0,
      0.0,
      1.0,
      0.0,
      0.0,
      0.0,
      0.0,
      1.0
    ],
    "W2C": [
      0.9859555412947012,
      -0.051122840349234526,
      0.158990961330823,
      -0.001169090978932075,
      0.056563171694468325,
      0.9979518005345122,
      -0.029879950096802388,
      -0.000692017005253842,
      -0.15713776821036593,
      0.03845333541517538,
      0.9868277776782093,
      -0.001786035423251017,
      0.0,
      0.0,
      0.0,
      1.0
    ],
    "img_size": [
      398,
      398
    ]
  },
  "014_F.jpg": {
    "C2W": [
      0.9861712680280389,
      0.05506369285356491,
      -0.15631449019620036,
      0.0009181600475231638,
      -0.04961550088082065,
      0.9980242477112928,
      0.03854741304748275,
      0.0007003110161626486,
      0.15812821439678318,
      -0.030258729478222026,
      0.9869548505894526,
      0.0019037036414522798,
      0.0,
      0.0,
      0.0,
      1.0
    ],
    "K": [
      103.91719737557644,
      0.0,
      199.0,
      0.0,
      0.0,
      103.91719737557644,
      199.0,
      0.0,
      0.0,
      0.0,
      1.0,
      0.0,
      0.0,
      0.0,
      0.0,
      1.0
    ],
    "W2C": [
      0.986171268028039,
      -0.04961550088082066,
      0.15812821439678323,
      -0.0011717460340428397,
      0.05506369285356492,
      0.9980242477112928,
      -0.030258729478222033,
      -0.0006918810044234777,
      -0.15631449019620033,
      0.03854741304748275,
      0.9869548505894526,
      -0.0017623430012707532,
      0.0,
      0.0,
      0.0,
      1.0
    ],
    "img_size": [
      398,
      398
    ]
  },
  "015_F.jpg": {
    "C2W": [
      0.9862155541577048,
      0.05470313271862614,
      -0.15616160862446177,
      0.0009246169007777065,
      -0.04926360966264503,
      0.9980436687173182,
      0.038495871158898895,
      0.0007012163302808621,
      0.15796194953348025,
      -0.030272142376190855,
      0.9869810635952131,
      0.00187992156041642,
      0.0,
      0.0,
      0.0,
      1.0
    ],
    "K": [
      103.91719737557644,
      0.0,
      199.0,
      0.0,
      0.0,
      103.91719737557644,
      199.0,
      0.0,
      0.0,
      0.0,
      1.0,
      0.0,
      0.0,
      0.0,
      0.0,
      1.0
    ],
    "W2C": [
      0.9862155541577048,
      -0.04926360966264502,
      0.1579619495334802,
      -0.0011742831962534366,
      0.05470313271862614,
      0.9980436687173182,
      -0.03027214237619085,
      -0.0006935147067421371,
      -0.1561616086244618,
      0.038495871158898895,
      0.9869810635952131,
      -0.0017380512520935674,
      0.0,
      0.0,
      0.0,
      1.0
    ],
    "img_size": [
      398,
      398
    ]
  },
  "016_F.jpg": {
    "C2W": [
      0.9861929183825252,
      0.056513977833936024,
      -0.1556589157149176,
      0.000931242867052103,
      -0.05121778173004457,
      0.9979707304039634,
      0.037830676594969755,
      0.0007017774320709723,
      0.15748100382843616,
      -0.02933584098615666,
      0.9870861876588198,
      0.0018561001163385966,
      0.0,
      0.0,
      0.0,
      1.0
    ],
    "K": [
      103.91719737557644,
      0.0,
      199.0,
      0.0,
      0.0,
      103.91719737557644,
      199.0,
      0.0,
      0.0,
      0.0,
      1.0,
      0.0,
      0.0,
      0.0,
      0.0,
      1.0
    ],
    "W2C": [
      0.9861929183825248,
      -0.05121778173004456,
      0.1574810038284362,
      -0.00117474214696922,
      0.056513977833936004,
      0.9979707304039634,
      -0.029335840986156658,
      -0.0006985313173441838,
      -0.1556589157149175,
      0.03783067659496976,
      0.9870861876588198,
      -0.0017137232478715014,
      0.0,
      0.0,
      0.0,
      1.0
    ],
    "img_size": [
      398,
      398
    ]
  },
  "017_F.jpg": {
    "C2W": [
      0.9861292123250045,
      0.0569897051690181,
      -0.15588890308169578,
      0.0009387396655857571,
      -0.05122640973363019,
      0.9978555658053291,
      0.040744628322377074,
      0.0007015132587593737,
      0.15787663394267112,
      -0.03219383941183165,
      0.986933901109318,
      0.0018325109093868786,
      0.0,
      0.0,
      0.0,
      1.0
    ],
    "K": [
      103.91719737557644,
      0.0,
      199.0,
      0.0,
      0.0,
      103.91719737557644,
      199.0,
      0.0,
      0.0,
      0.0,
      1.0,
      0.0,
      0.0,
      0.0,
      0.0,
      1.0
    ],
    "W2C": [
      0.9861292123250047,
      -0.0512264097336302,
      0.15787663394267115,
      -0.001179093255412763,
      0.05698970516901811,
      0.9978555658053293,
      -0.03219383941183167,
      -0.0006945118445742393,
      -0.15588890308169576,
      0.04074462832237706,
      0.986933901109318,
      -0.0016908109408705046,
      0.0,
      0.0,
      0.0,
      1.0
    ],
    "img_size": [
      398,
      398
    ]
  },
  "018_F.jpg": {
    "C2W": [
      0.9863734412860519,
      0.055773864602006215,
      -0.15477955405307475,
      0.0009446290213938378,
      -0.050124759772331336,
      0.9979349471404366,
      0.04016652503739608,
      0.0007027963474085893,
      0.15670016842134438,
      -0.031860905561059784,
      0.9871321795552769,
      0.0018087880553017592,
      0.0,
      0.0,
      0.0,
      1.0
    ],
    "K": [
      103.91719737557644,
      0.0,
      199.0,
      0.0,
      0.0,
      103.91719737557644,
      199.0,
      0.0,
      0.0,
      0.0,
      1.0,
      0.0,
      0.0,
      0.0,
      0.0,
      1.0
    ],
    "W2C": [
      0.9863734412860519,
      -0.05012475977233135,
      0.15670016842134435,
      -0.0011799668733924894,
      0.055773864602006215,
      0.9979349471404368,
      -0.03186090556105979,
      -0.0006964010215300859,
      -0.15477955405307475,
      0.04016652503739608,
      0.9871321795552771,
      -0.0016675325237910236,
      0.0,
      0.0,
      0.0,
      1.0
    ],
    "img_size": [
      398,
      398
    ]
  },
  "019_F.jpg": {
    "C2W": [
      0.9861925238990249,
      0.05583229829043381,
      -0.15590721687362347,
      0.0009515265816610225,
      -0.05079722223143795,
      0.9980563988047442,
      0.03609801959214726,
      0.0007050551174498518,
      0.15761963081812158,
      -0.02767994350632172,
      0.9871118845947735,
      0.0017847599924402033,
      0.0,
      0.0,
      0.0,
      1.0
    ],
    "K": [
      103.91719737557644,
      0.0,
      199.0,
      0.0,
      0.0,
      103.91719737557644,
      199.0,
      0.0,
      0.0,
      0.0,
      1.0,
      0.0,
      0.0,
      0.0,
      0.0,
      1.0
    ],
    "W2C": [
      0.9861925238990251,
      -0.050797222231437955,
      0.15761963081812164,
      -0.0011838867707461612,
      0.055832298290433846,
      0.9980563988047444,
      -0.027679943506321723,
      -0.0007074086316563423,
      -0.15590721687362352,
      0.03609801959214728,
      0.987111884594774,
      -0.0016388590320022094,
      0.0,
      0.0,
      0.0,
      1.0
    ],
    "img_size": [
      398,
      398
    ]
  },
  "020_F.jpg": {
    "C2W": [
      0.9863369819701708,
      0.05527289918320438,
      -0.15519105842108966,
      0.000958336542028921,
      -0.04968842100541885,
      0.9979778647363025,
      0.03963889900537717,
      0.0007042416110135271,
      0.15706819797770324,
      -0.031386113366480464,
      0.9870888982618452,
      0.0017613065042207461,
      0.0,
      0.0,
      0.0,
      1.0
    ],
    "K": [
      103.91719737557644,
      0.0,
      199.0,
      0.0,
      0.0,
      103.91719737557644,
      199.0,
      0.0,
      0.0,
      0.0,
      1.0,
      0.0,
      0.0,
      0.0,
      0.0,
      1.0
    ],
    "W2C": [
      0.986336981970171,
      -0.049688421005418856,
      0.15706819797770327,
      -0.001186895357623322,
      0.055272899183204396,
      0.9979778647363027,
      -0.03138611336648047,
      -0.0007005070126742869,
      -0.15519105842108963,
      0.03963889900537717,
      0.9870888982618452,
      -0.0016177561965659525,
      0.0,
      0.0,
      0.0,
      1.0
    ],
    "img_size": [
      398,
      398
    ]
  },
  "021_F.jpg": {
    "C2W": [
      0.9864748287028614,
      0.05517401266558266,
      -0.15434779124444356,
      0.0009169775770019456,
      -0.049958895511400016,
      0.9980482170907391,
      0.037468188123763395,
      0.0006956473875501519,
      0.15611380814950757,
      -0.029250379285999537,
      0.9873058767254878,
      0.002002489858787866,
      0.0,
      0.0,
      0.0,
      1.0
    ],
    "K": [
      103.91719737557644,
      0.0,
      199.0,
      0.0,
      0.0,
      103.91719737557644,
      199.0,
      0.0,
      0.0,
      0.0,
      1.0,
      0.0,
      0.0,
      0.0,
      0.0,
      1.0
    ],
    "W2C": [
      0.9864748287028614,
      -0.0499588955114,
      0.15611380814950748,
      -0.001182437840686106,
      0.05517401266558268,
      0.9980482170907393,
      -0.029250379285999543,
      -0.0006863093794299075,
      -0.15434779124444364,
      0.037468188123763395,
      0.9873058767254878,
      -0.0018616011892180536,
      0.0,
      0.0,
      0.0,
      1.0
    ],
    "img_size": [
      398,
      398
    ]
  },
  "022_F.jpg": {
    "C2W": [
      0.9861414066865298,
      0.0549641339376851,
      -0.1565377590193238,
      0.0009104339432729093,
      -0.04966258499491329,
      0.9980587024462639,
      0.037582630601152474,
      0.0006955146443591068,
      0.15829956939276463,
      -0.0292877184457903,
      0.9869566737594435,
      0.002026357653274689,
      0.0,
      0.0,
      0.0,
      1.0
    ],
    "K": [
      103.91719737557644,
      0.0,
      199.0,
      0.0,
      0.0,
      103.91719737557644,
      199.0,
      0.0,
      0.0,
      0.0,
      1.0,
      0.0,
      0.0,
      0.0,
      0.0,
      1.0
    ],
    "W2C": [
      0.9861414066865303,
      -0.04966258499491334,
      0.15829956939276468,
      -0.0011840470983227368,
      0.0549641339376851,
      0.9980587024462642,
      -0.02928771844579032,
      -0.0006848582642613106,
      -0.15653775901932393,
      0.037582630601152495,
      0.9869566737594442,
      -0.0018835491900645533,
      0.0,
      0.0,
      0.0,
      1.0
    ],
    "img_size": [
      398,
      398
    ]
  },
  "023_F.jpg": {
    "C2W": [
      0.9861676407683037,
      0.05594022612031997,
      -0.1560258805553916,
      0.0009041715564126926,
      -0.0500388815944414,
      0.9978846678180929,
      0.041500603156480506,
      0.0006934317923011136,
      0.1580173871137456,
      -0.033119191342508306,
      0.986880754972232,
      0.002049752626603807,
      0.0,
      0.0,
      0.0,
      1.0
    ],
    "K": [
      103.91719737557644,
      0.0,
      199.0,
      0.0,
      0.0,
      103.91719737557644,
      199.0,
      0.0,
      0.0,
      0.0,
      1.0,
      0.0,
      0.0,
      0.0,
      0.0,
      1.0
    ],
    "W2C": [
      0.9861676407683038,
      -0.0500388815944414,
      0.15801738711374563,
      -0.0011808627335740042,
      0.05594022612031998,
      0.9978846678180932,
      -0.03311919134250831,
      -0.0006746583655868889,
      -0.15602588055539166,
      0.04150060315648052,
      0.9868807549722323,
      -0.0019105650940150275,
      0.0,
      0.0,
      0.0,
      1.0
    ],
    "img_size": [
      398,
      398
    ]
  },
  "024_F.jpg": {
    "C2W": [
      0.9862165738909298,
      0.0543267027021372,
      -0.15628652775063384,
      0.0008972495349939143,
      -0.04950492134459633,
      0.9981749468815025,
      0.03458378493998694,
      0.0006950260407392491,
      0.15788011953853276,
      -0.026370149632179454,
      0.9871061154014169,
      0.00207360030078024,
      0.0,
      0.0,
      0.0,
      1.0
    ],
    "K": [
      103.91719737557644,
      0.0,
      199.0,
      0.0,
      0.0,
      103.91719737557644,
      199.0,
      0.0,
      0.0,
      0.0,
      1.0,
      0.0,
      0.0,
      0.0,
      0.0,
      1.0
    ],
    "W2C": [
      0.9862165738909299,
      -0.04950492134459632,
      0.15788011953853268,
      -0.001177855416210007,
      0.0543267027021372,
      0.9981749468815023,
      -0.026370149632179457,
      -0.0006878210398244988,
      -0.15628652775063384,
      0.03458378493998693,
      0.9871061154014167,
      -0.001930672154568939,
      0.0,
      0.0,
      0.0,
      1.0
    ],
    "img_size": [
      398,
      398
    ]
  },
  "025_F.jpg": {
    "C2W": [
      0.9860311814069587,
      0.05845641528088616,
      -0.15596588346720336,
      0.0008894260478979344,
      -0.052337481169361634,
      0.9977007435776268,
      0.04305826668012763,
      0.0006910517266825415,
      0.15812430982629905,
      -0.03429393207491453,
      0.9868235044144406,
      0.0020977153502642412,
      0.0,
      0.0,
      0.0,
      1.0
    ],
    "K": [
      103.91719737557644,
      0.0,
      199.0,
      0.0,
      0.0,
      103.91719737557644,
      199.0,
      0.0,
      0.0,
      0.0,
      1.0,
      0.0,
      0.0,
      0.0,
      0.0,
      1.0
    ],
    "W2C": [
      0.9860311814069593,
      -0.052337481169361655,
      0.15812430982629908,
      -0.001172533702023187,
      0.05845641528088619,
      0.9977007435776271,
      -0.03429393207491455,
      -0.0006695165722448664,
      -0.15596588346720347,
      0.043058266680127646,
      0.986823504414441,
      -0.00196111018340984,
      0.0,
      0.0,
      0.0,
      1.0
    ],
    "img_size": [
      398,
      398
    ]
  },
  "026_F.jpg": {
    "C2W": [
      0.9859096506052273,
      0.05717610714414514,
      -0.15720386005222667,
      0.0008837574640087542,
      -0.05157178564810736,
      0.9978876541706995,
      0.03950418431969284,
      0.0006915849522963325,
      0.15913048660940018,
      -0.030840272786404378,
      0.9867757424085352,
      0.0021211322616351207,
      0.0,
      0.0,
      0.0,
      1.0
    ],
    "K": [
      103.91719737557644,
      0.0,
      199.0,
      0.0,
      0.0,
      103.91719737557644,
      199.0,
      0.0,
      0.0,
      0.0,
      1.0,
      0.0,
      0.0,
      0.0,
      0.0,
      1.0
    ],
    "W2C": [
      0.9859096506052272,
      -0.051571785648107354,
      0.15913048660940018,
      -0.0011731755506002436,
      0.05717610714414514,
      0.9978876541706995,
      -0.03084027278640436,
      -0.0006752375995934749,
      -0.15720386005222664,
      0.039504184319692846,
      0.9867757424085352,
      -0.001981472276957789,
      0.0,
      0.0,
      0.0,
      1.0
    ],
    "img_size": [
      398,
      398
    ]
  },
  "027_F.jpg": {
    "C2W": [
      0.9862729443783683,
      0.057430387615534345,
      -0.1548141781800144,
      0.0008750184318821203,
      -0.05204329152996905,
      0.9978973318494504,
      0.038631734292855345,
      0.0006913087695960008,
      0.15670729081300083,
      -0.03004439491946217,
      0.9871880060758298,
      0.0021446723726457275,
      0.0,
      0.0,
      0.0,
      1.0
    ],
    "K": [
      103.91719737557644,
      0.0,
      199.0,
      0.0,
      0.0,
      103.91719737557644,
      199.0,
      0.0,
      0.0,
      0.0,
      1.0,
      0.0,
      0.0,
      0.0,
      0.0,
      1.0
    ],
    "W2C": [
      0.9862729443783685,
      -0.05204329152996908,
      0.15670729081300086,
      -0.0011631148185632155,
      0.057430387615534366,
      0.9978973318494511,
      -0.030044394919462186,
      -0.0006756724406410753,
      -0.15481417818001442,
      0.03863173429285537,
      0.9871880060758302,
      -0.0020084360405152137,
      0.0,
      0.0,
      0.0,
      1.0
    ],
    "img_size": [
      398,
      398
    ]
  },
  "028_F.jpg": {
    "C2W": [
      0.9863441666363603,
      0.057090820782686125,
      -0.15448567287869386,
      0.000868689730290449,
      -0.052100555618500126,
      0.9979868249807001,
      0.036163922204107336,
      0.0006914363975327627,
      0.15623929418256843,
      -0.027621284316634628,
      0.98733294668315,
      0.0021681106113220342,
      0.0,
      0.0,
      0.0,
      1.0
    ],
    "K": [
      103.91719737557644,
      0.0,
      199.0,
      0.0,
      0.0,
      103.91719737557644,
      199.0,
      0.0,
      0.0,
      0.0,
      1.0,
      0.0,
      0.0,
      0.0,
      0.0,
      1.0
    ],
    "W2C": [
      0.9863441666363606,
      -0.052100555618500126,
      0.1562392941825685,
      -0.0011595468992252785,
      0.057090820782686146,
      0.9979868249807003,
      -0.02762128431663463,
      -0.0006797526251323488,
      -0.15448567287869389,
      0.03616392220410736,
      0.9873329466831504,
      -0.002031451973194323,
      0.0,
      0.0,
      0.0,
      1.0
    ],
    "img_size": [
      398,
      398
    ]
  },
  "029_F.jpg": {
    "C2W": [
      0.9863303902641126,
      0.05563941715754439,
      -0.1551019551772702,
      0.0008623515972391682,
      -0.051258839801291874,
      0.9981692541932636,
      0.03210407023244164,
      0.0006919856901282611,
      0.15660425467933073,
      -0.023714873848131795,
      0.9873766820087959,
      0.002192598031120199,
      0.0,
      0.0,
      0.0,
      1.0
    ],
    "K": [
      103.91719737557644,
      0.0,
      199.0,
      0.0,
      0.0,
      103.91719737557644,
      199.0,
      0.0,
      0.0,
      0.0,
      1.0,
      0.0,
      0.0,
      0.0,
      0.0,
      1.0
    ],
    "W2C": [
      0.9863303902641127,
      -0.05125883980129188,
      0.1566042546793307,
      -0.0011584633842896654,
      0.05563941715754437,
      0.9981692541932634,
      -0.023714873848131795,
      -0.0006867023947753242,
      -0.15510195517727018,
      0.032104070232441634,
      0.9873766820087957,
      -0.0020533833073601653,
      0.0,
      0.0,
      0.0,
      1.0
    ],
    "img_size": [
      398,
      398
    ]
  },
  "030_F.jpg": {
    "C2W": [
      0.9868202446300962,
      0.059956218766393184,
      -0.15030321559911344,
      0.0008536625194040539,
      -0.05491181786275659,
      0.9977870040231707,
      0.037493824311113165,
      0.0006894270807312432,
      0.15221858312047398,
      -0.028746242079645375,
      0.987928720363516,
      0.0022162591968072696,
      0.0,
      0.0,
      0.0,
      1.0
    ],
    "K": [
      103.91719737557644,
      0.0,
      199.0,
      0.0,
      0.0,
      103.91719737557644,
      199.0,
      0.0,
      0.0,
      0.0,
      1.0,
      0.0,
      0.0,
      0.0,
      0.0,
      1.0
    ],
    "W2C": [
      0.9868202446300961,
      -0.05491181786275658,
      0.15221858312047387,
      -0.0011419095967088086,
      0.059956218766393184,
      0.9977870040231707,
      -0.028746242079645382,
      -0.0006753746347586654,
      -0.15030321559911344,
      0.03749382431111315,
      0.9879287203635158,
      -0.00208704714843307,
      0.0,
      0.0,
      0.0,
      1.0
    ],
    "img_size": [
      398,
      398
    ]
  },
  "031_F.jpg": {
    "C2W": [
      0.9862249827479801,
      0.05764242823847656,
      -0.1550407490646199,
      0.0009236028383490378,
      -0.0520121967943887,
      0.9978397225180324,
      0.04013252483657127,
      0.0006954873550832233,
      0.15701915420854917,
      -0.031515688663081944,
      0.9870925724468417,
      0.001979144193654406,
      0.0,
      0.0,
      0.0,
      1.0
    ],
    "K": [
      103.91719737557644,
      0.0,
      199.0,
      0.0,
      0.0,
      103.91719737557644,
      199.0,
      0.0,
      0.0,
      0.0,
      1.0,
      0.0,
      0.0,
      0.0,
      0.0,
      1.0
    ],
    "W2C": [
      0.9862249827479801,
      -0.05201219679438872,
      0.15701915420854914,
      -0.0011854699154805436,
      0.05764242823847653,
      0.9978397225180322,
      -0.031515688663081944,
      -0.0006848495275148728,
      -0.15504074906461993,
      0.04013252483657128,
      0.9870925724468419,
      -0.0018383141210131127,
      0.0,
      0.0,
      0.0,
      1.0
    ],
    "img_size": [
      398,
      398
    ]
  },
  "032_F.jpg": {
    "C2W": [
      0.9859666081348772,
      0.05852981160425532,
      -0.15634611858493794,
      0.0009308188938690243,
      -0.05271428842291704,
      0.9977638706002327,
      0.04109090314056553,
      0.000695951098140087,
      0.15840155125209665,
      -0.03227258400581216,
      0.9868472165854839,
      0.0019558638313919015,
      0.0,
      0.0,
      0.0,
      1.0
    ],
    "K": [
      103.91719737557644,
      0.0,
      199.0,
      0.0,
      0.0,
      103.91719737557644,
      199.0,
      0.0,
      0.0,
      0.0,
      1.0,
      0.0,
      0.0,
      0.0,
      0.0,
      1.0
    ],
    "W2C": [
      0.9859666081348775,
      -0.05271428842291705,
      0.1584015512520967,
      -0.0011908816455906445,
      0.05852981160425532,
      0.997763870600233,
      -0.03227258400581217,
      -0.0006857547361220462,
      -0.15634611858493794,
      0.04109090314056553,
      0.9868472165854841,
      -0.001813206116031616,
      0.0,
      0.0,
      0.0,
      1.0
    ],
    "img_size": [
      398,
      398
    ]
  },
  "033_F.jpg": {
    "C2W": [
      0.9862818295128226,
      0.054735345966205495,
      -0.15573116154064892,
      0.0009375584153237668,
      -0.049481742860333355,
      0.998073911529028,
      0.03741689790255453,
      0.000698523222355838,
      0.15747923639751282,
      -0.02919775722733055,
      0.9870905637663397,
      0.0019327063970655245,
      0.0,
      0.0,
      0.0,
      1.0
    ],
    "K": [
      103.91719737557644,
      0.0,
      199.0,
      0.0,
      0.0,
      103.91719737557644,
      199.0,
      0.0,
      0.0,
      0.0,
      1.0,
      0.0,
      0.0,
      0.0,
      0.0,
      1.0
    ],
    "W2C": [
      0.9862818295128223,
      -0.04948174286033334,
      0.15747923639751282,
      -0.0011944938102605512,
      0.054735345966205474,
      0.9980739115290276,
      -0.029197757227330534,
      -0.0006920646968835978,
      -0.15573116154064884,
      0.03741689790255452,
      0.9870905637663395,
      -0.001787885758137091,
      0.0,
      0.0,
      0.0,
      1.0
    ],
    "img_size": [
      398,
      398
    ]
  },
  "034_F.jpg": {
    "C2W": [
      0.9861129707548933,
      0.05604981607386613,
      -0.15633178508238446,
      0.0009444069959138129,
      -0.05043166832763596,
      0.9979390167071334,
      0.03967827822992131,
      0.000698079116278446,
      0.15823354808210047,
      -0.03124319208540483,
      0.9869072941313504,
      0.001908666431670773,
      0.0,
      0.0,
      0.0,
      1.0
    ],
    "K": [
      103.91719737557644,
      0.0,
      199.0,
      0.0,
      0.0,
      103.91719737557644,
      199.0,
      0.0,
      0.0,
      0.0,
      1.0,
      0.0,
      0.0,
      0.0,
      0.0,
      1.0
    ],
    "W2C": [
      0.9861129707548932,
      -0.05043166832763594,
      0.15823354808210047,
      -0.0011981017554721389,
      0.056049816073866145,
      0.9979390167071334,
      -0.031243192085404835,
      -0.0006899413933508845,
      -0.1563317850823845,
      0.039678278229921315,
      0.9869072941313508,
      -0.0017637345693662387,
      0.0,
      0.0,
      0.0,
      1.0
    ],
    "img_size": [
      398,
      398
    ]
  },
  "035_F.jpg": {
    "C2W": [
      0.9861394597681818,
      0.054864848203656856,
      -0.1565848470309562,
      0.0009516253151672122,
      -0.0493812770222289,
      0.9980299340959167,
      0.03870064764514754,
      0.0006993133677992459,
      0.1583996697211586,
      -0.030431876052745582,
      0.9869059963097488,
      0.0018847859980589616,
      0.0,
      0.0,
      0.0,
      1.0
    ],
    "K": [
      103.91719737557644,
      0.0,
      199.0,
      0.0,
      0.0,
      103.91719737557644,
      199.0,
      0.0,
      0.0,
      0.0,
      1.0,
      0.0,
      0.0,
      0.0,
      0.0,
      1.0
    ],
    "W2C": [
      0.9861394597681821,
      -0.049381277022228935,
      0.15839966972115868,
      -0.0012024517666476822,
      0.05486484820365685,
      0.9980299340959169,
      -0.03043187605274558,
      -0.0006927888789616007,
      -0.15658484703095615,
      0.03870064764514756,
      0.9869059963097491,
      -0.0017381603790795409,
      0.0,
      0.0,
      0.0,
      1.0
    ],
    "img_size": [
      398,
      398
    ]
  },
  "036_F.jpg": {
    "C2W": [
      0.9861836919013602,
      0.05631180322643392,
      -0.15579058586830602,
      0.0009583194355423517,
      -0.05076121026913347,
      0.9979339840387684,
      0.039383537582647295,
      0.0007000360111572008,
      0.15768647805000732,
      -0.030931283806178513,
      0.987004675937397,
      0.001861312549623108,
      0.0,
      0.0,
      0.0,
      1.0
    ],
    "K": [
      103.91719737557644,
      0.0,
      199.0,
      0.0,
      0.0,
      103.91719737557644,
      199.0,
      0.0,
      0.0,
      0.0,
      1.0,
      0.0,
      0.0,
      0.0,
      0.0,
      1.0
    ],
    "W2C": [
      0.9861836919013606,
      -0.050761210269133494,
      0.1576864780500074,
      -0.0012030481443060157,
      0.056311803226433914,
      0.9979339840387687,
      -0.030931283806178517,
      -0.0006949816343426472,
      -0.155790585868306,
      0.039383537582647295,
      0.9870046759373973,
      -0.0017153969381014551,
      0.0,
      0.0,
      0.0,
      1.0
    ],
    "img_size": [
      398,
      398
    ]
  },
  "037_F.jpg": {
    "C2W": [
      0.9861474410465332,
      0.055930066221805665,
      -0.1561571394775115,
      0.0009650467050589647,
      -0.0504280571249495,
      0.9979667577150796,
      0.03897898857403391,
      0.0007007188305758919,
      0.15801973159063837,
      -0.03056432868682492,
      0.9869628089446666,
      0.0018375494735682967,
      0.0,
      0.0,
      0.0,
      1.0
    ],
    "K": [
      103.91719737557644,
      0.0,
      199.0,
      0.0,
      0.0,
      103.91719737557644,
      199.0,
      0.0,
      0.0,
      0.0,
      1.0,
      0.0,
      0.0,
      0.0,
      0.0,
      1.0
    ],
    "W2C": [
      0.986147441046533,
      -0.050428057124949494,
      0.1580197315906383,
      -0.0012067115240652583,
      0.05593006622180565,
      0.9979667577150794,
      -0.030564328686824932,
      -0.0006971057594523645,
      -0.15615713947751153,
      0.038978988574033896,
      0.9869628089446666,
      -0.0016902073683741818,
      0.0,
      0.0,
      0.0,
      1.0
    ],
